                       5
                    5     5
                 5     4     5
              5     4     4     5
           5     4     3     4     5
        5     4     3     3     R     5
           4     3     2     G     R
        5     3     2     Y     G     5
           4     2     B     Y     4
        5     3     B     1     3     5
           4     2     0     2     4
        5     3     1     B     Y     5
           4     2     B     Y     G
        5     3     2     2     G     R
           4     3     2     3     R
        5     4     3     3     4     5
           5     4     3     4     5
              5     4     4     5
                 5     4     5
                    5     5
                       5
